FE 09 00 FF BE 00 00 00 00 00 6A 00 00 00 03 4D AE  [len=17]  ASCII: "..........j....M."
FE 09 00 FF BE 00 00 00 00 00 6A 00 00 00 03 4D AE  [len=17]  ASCII: "..........j....M."
FE 21 00 FF BE 4C 00 00 00 00 00 00 00 00 00 00 00 00 00 00 00 00 00 00 00 00 00 00 00 00 00 00 00 00 0D 00 00 00 00 B1 51  [len=41]  ASCII: ".!...L..................................Q"
FE 09 00 FF BE 00 00 00 00 00 6A 00 00 00 03 4D AE  [len=17]  ASCII: "..........j....M."
FE 21 00 FF BE 4C 00 00 00 00 00 00 00 00 00 00 00 00 00 00 00 00 00 00 00 00 00 00 00 00 00 00 00 00 0D 00 00 00 00 B1 51  [len=41]  ASCII: ".!...L..................................Q"
FE 21 00 FF BE 4C 00 00 00 00 00 00 00 00 00 00 00 00 00 00 00 00 00 00 00 00 00 00 00 00 00 00 00 00 0D 00 00 00 00 B1 51  [len=41]  ASCII: ".!...L..................................Q"
FE 09 00 FF BE 00 00 00 00 00 6A 00 00 00 03 4D AE  [len=17]  ASCII: "..........j....M."
FE 21 00 FF BE 4C 00 00 00 00 00 00 00 00 00 00 00 00 00 00 00 00 00 00 00 00 00 00 00 00 00 00 00 00 0D 00 00 00 00 B1 51  [len=41]  ASCII: ".!...L..................................Q"
FE 09 00 FF BE 00 00 00 00 00 6A 00 00 00 03 4D AE  [len=17]  ASCII: "..........j....M."
FE 21 00 FF BE 4C 00 00 00 00 00 00 00 00 00 00 00 00 00 00 00 00 00 00 00 00 00 00 00 00 00 00 00 00 0D 00 00 00 00 B1 51  [len=41]  ASCII: ".!...L..................................Q"
FE 09 00 FF BE 00 00 00 00 00 6A 00 00 00 03 4D AE  [len=17]  ASCII: "..........j....M."
FE 21 00 FF BE 4C 00 00 00 00 00 00 00 00 00 00 00 00 00 00 00 00 00 00 00 00 00 00 00 00 00 00 00 00 0D 00 00 00 00 B1 51  [len=41]  ASCII: ".!...L..................................Q"
FE 09 00 FF BE 00 00 00 00 00 6A 00 00 00 03 4D AE  [len=17]  ASCII: "..........j....M."
FE 21 00 FF BE 4C 00 00 00 00 00 00 00 00 00 00 00 00 00 00 00 00 00 00 00 00 00 00 00 00 00 00 00 00 0D 00 00 00 00 B1 51  [len=41]  ASCII: ".!...L..................................Q"
FE 21 00 FF BE 4C 00 00 00 00 00 00 00 00 00 00 00 00 00 00 00 00 00 00 00 00 00 00 00 00 00 00 00 00 0D 00 00 00 00 B1 51  [len=41]  ASCII: ".!...L..................................Q"
FE 09 00 FF BE 00 00 00 00 00 6A 00 00 00 03 4D AE  [len=17]  ASCII: "..........j....M."
FE 21 00 FF BE 4C 00 00 00 00 00 00 00 00 00 00 00 00 00 00 00 00 00 00 00 00 00 00 00 00 00 00 00 00 0D 00 00 00 00 B1 51  [len=41]  ASCII: ".!...L..................................Q"
FE 21 00 FF BE 4C 00 00 00 00 00 00 00 00 00 00 00 00 00 00 00 00 00 00 00 00 00 00 00 00 00 00 00 00 0D 00 00 00 00 B1 51  [len=41]  ASCII: ".!...L..................................Q"
FE 21 00 FF BE 4C 00 00 00 00 00 00 00 00 00 00 00 00 00 00 00 00 00 00 00 00 00 00 00 00 00 00 00 00 0D 00 00 00 00 B1 51  [len=41]  ASCII: ".!...L..................................Q"
FE 21 00 FF BE 4C 00 00 00 00 00 00 00 00 00 00 00 00 00 00 00 00 00 00 00 00 00 00 00 00 00 00 00 00 0D 00 00 00 00 B1 51  [len=41]  ASCII: ".!...L..................................Q"
FE 21 00 FF BE 4C 00 00 00 00 00 00 00 00 00 00 00 00 00 00 00 00 00 00 00 00 00 00 00 00 00 00 00 00 0D 00 00 00 00 B1 51  [len=41]  ASCII: ".!...L..................................Q"
FE 21 00 FF BE 4C 00 00 00 00 00 00 00 00 00 00 00 00 00 00 00 00 00 00 00 00 00 00 00 00 00 00 00 00 0D 00 00 00 00 B1 51  [len=41]  ASCII: ".!...L..................................Q"
FE 21 00 FF BE 4C 00 00 00 00 00 00 00 00 00 00 00 00 00 00 00 00 00 00 00 00 00 00 00 00 00 00 00 00 0D 00 00 00 00 B1 51  [len=41]  ASCII: ".!...L..................................Q"
FE 09 00 FF BE 00 00 00 00 00 6A 00 00 00 03 4D AE  [len=17]  ASCII: "..........j....M."
FE 21 00 FF BE 4C 00 00 00 00 00 00 00 00 00 00 00 00 00 00 00 00 00 00 00 00 00 00 00 00 00 00 00 00 0D 00 00 00 00 B1 51  [len=41]  ASCII: ".!...L..................................Q"
FE 09 00 FF BE 00 00 00 00 00 6A 00 00 00 03 4D AE  [len=17]  ASCII: "..........j....M."
