FE 09 00 FF BE 00 00 00 00 00 6A 00 00 00 03 4D AE  [len=17]  ASCII: "..........j....M."
FE 21 00 FF BE 4C 00 00 00 00 00 00 00 00 00 00 00 00 00 00 00 00 00 00 00 00 00 00 00 00 00 00 00 00 0A 00 00 00 00 60 4D  [len=41]  ASCII: ".!...L.................................`M"
FE 21 00 FF BE 4C 00 00 00 00 00 00 00 00 00 00 00 00 00 00 00 00 00 00 00 00 00 00 00 00 00 00 00 00 08 00 00 00 00 36 45  [len=41]  ASCII: ".!...L.................................6E"
FE 09 00 FF BE 00 00 00 00 00 6A 00 00 00 03 4D AE  [len=17]  ASCII: "..........j....M."
FE 21 00 FF BE 4C 00 00 00 00 00 00 00 00 00 00 00 00 00 00 00 00 00 00 00 00 00 00 00 00 00 00 00 00 08 00 00 00 00 36 45  [len=41]  ASCII: ".!...L.................................6E"
FE 21 00 FF BE 4C 00 00 00 00 00 00 00 00 00 00 00 00 00 00 00 00 00 00 00 00 00 00 00 00 00 00 00 00 08 00 00 00 00 36 45  [len=41]  ASCII: ".!...L.................................6E"
FE 09 00 FF BE 00 00 00 00 00 6A 00 00 00 03 4D AE  [len=17]  ASCII: "..........j....M."
FE 21 00 FF BE 4C 00 00 00 00 00 00 00 00 00 00 00 00 00 00 00 00 00 00 00 00 00 00 00 00 00 00 00 00 07 00 00 00 00 BF 78  [len=41]  ASCII: ".!...L..................................x"
FE 21 00 FF BE 4C 00 00 00 00 00 00 00 00 00 00 00 00 00 00 00 00 00 00 00 00 00 00 00 00 00 00 00 00 07 00 00 00 00 BF 78  [len=41]  ASCII: ".!...L..................................x"
FE 21 00 FF BE 4C 00 00 00 00 00 00 00 00 00 00 00 00 00 00 00 00 00 00 00 00 00 00 00 00 00 00 00 00 07 00 00 00 00 BF 78  [len=41]  ASCII: ".!...L..................................x"
FE 21 00 FF BE 4C 00 00 00 00 00 00 00 00 00 00 00 00 00 00 00 00 00 00 00 00 00 00 00 00 00 00 00 00 07 00 00 00 00 BF 78  [len=41]  ASCII: ".!...L..................................x"
FE 21 00 FF BE 4C 00 00 00 00 00 00 00 00 00 00 00 00 00 00 00 00 00 00 00 00 00 00 00 00 00 00 00 00 07 00 00 00 00 BF 78  [len=41]  ASCII: ".!...L..................................x"
FE 21 00 FF BE 4C 00 00 00 00 00 00 00 00 00 00 00 00 00 00 00 00 00 00 00 00 00 00 00 00 00 00 00 00 07 00 00 00 00 BF 78  [len=41]  ASCII: ".!...L..................................x"
FE 21 00 FF BE 4C 00 00 00 00 00 00 00 00 00 00 00 00 00 00 00 00 00 00 00 00 00 00 00 00 00 00 00 00 07 00 00 00 00 BF 78  [len=41]  ASCII: ".!...L..................................x"
FE 21 00 FF BE 4C 00 00 00 00 00 00 00 00 00 00 00 00 00 00 00 00 00 00 00 00 00 00 00 00 00 00 00 00 07 00 00 00 00 BF 78  [len=41]  ASCII: ".!...L..................................x"
FE 21 00 FF BE 4C 00 00 00 00 00 00 00 00 00 00 00 00 00 00 00 00 00 00 00 00 00 00 00 00 00 00 00 00 07 00 00 00 00 BF 78  [len=41]  ASCII: ".!...L..................................x"
FE 21 00 FF BE 4C 00 00 00 00 00 00 00 00 00 00 00 00 00 00 00 00 00 00 00 00 00 00 00 00 00 00 00 00 07 00 00 00 00 BF 78  [len=41]  ASCII: ".!...L..................................x"
FE 21 00 FF BE 4C 00 00 00 00 00 00 00 00 00 00 00 00 00 00 00 00 00 00 00 00 00 00 00 00 00 00 00 00 07 00 00 00 00 BF 78  [len=41]  ASCII: ".!...L..................................x"
FE 21 00 FF BE 4C 00 00 00 00 00 00 00 00 00 00 00 00 00 00 00 00 00 00 00 00 00 00 00 00 00 00 00 00 07 00 00 00 00 BF 78  [len=41]  ASCII: ".!...L..................................x"
FE 21 00 FF BE 4C 00 00 00 00 00 00 00 00 00 00 00 00 00 00 00 00 00 00 00 00 00 00 00 00 00 00 00 00 07 00 00 00 00 BF 78  [len=41]  ASCII: ".!...L..................................x"
FE 21 00 FF BE 4C 00 00 00 00 00 00 00 00 00 00 00 00 00 00 00 00 00 00 00 00 00 00 00 00 00 00 00 00 07 00 00 00 00 BF 78  [len=41]  ASCII: ".!...L..................................x"
FE 21 00 FF BE 4C 00 00 00 00 00 00 00 00 00 00 00 00 00 00 00 00 00 00 00 00 00 00 00 00 00 00 00 00 07 00 00 00 00 BF 78  [len=41]  ASCII: ".!...L..................................x"
FE 21 00 FF BE 4C 00 00 00 00 00 00 00 00 00 00 00 00 00 00 00 00 00 00 00 00 00 00 00 00 00 00 00 00 07 00 00 00 00 BF 78  [len=41]  ASCII: ".!...L..................................x"
FE 21 00 FF BE 4C 00 00 00 00 00 00 00 00 00 00 00 00 00 00 00 00 00 00 00 00 00 00 00 00 00 00 00 00 07 00 00 00 00 BF 78  [len=41]  ASCII: ".!...L..................................x"
FE 21 00 FF BE 4C 00 00 00 00 00 00 00 00 00 00 00 00 00 00 00 00 00 00 00 00 00 00 00 00 00 00 00 00 07 00 00 00 00 BF 78  [len=41]  ASCII: ".!...L..................................x"
FE 21 00 FF BE 4C 00 00 00 00 00 00 00 00 00 00 00 00 00 00 00 00 00 00 00 00 00 00 00 00 00 00 00 00 07 00 00 00 00 BF 78  [len=41]  ASCII: ".!...L..................................x"
FE 21 00 FF BE 4C 00 00 00 00 00 00 00 00 00 00 00 00 00 00 00 00 00 00 00 00 00 00 00 00 00 00 00 00 07 00 00 00 00 BF 78  [len=41]  ASCII: ".!...L..................................x"
FE 09 00 FF BE 00 00 00 00 00 6A 00 00 00 03 4D AE  [len=17]  ASCII: "..........j....M."
FE 21 00 FF BE 4C 00 00 00 00 00 00 00 00 00 00 00 00 00 00 00 00 00 00 00 00 00 00 00 00 00 00 00 00 0D 00 00 00 00 B1 51  [len=41]  ASCII: ".!...L..................................Q"
FE 21 00 FF BE 4C 00 00 00 00 00 00 00 00 00 00 00 00 00 00 00 00 00 00 00 00 00 00 00 00 00 00 00 00 06 00 00 00 00 94 7C  [len=41]  ASCII: ".!...L..................................|"
FE 21 00 FF BE 4C 00 00 00 00 00 00 00 00 00 00 00 00 00 00 00 00 00 00 00 00 00 00 00 00 00 00 00 00 06 00 00 00 00 94 7C  [len=41]  ASCII: ".!...L..................................|"
FE 21 00 FF BE 4C 00 00 00 00 00 00 00 00 00 00 00 00 00 00 00 00 00 00 00 00 00 00 00 00 00 00 00 00 06 00 00 00 00 94 7C  [len=41]  ASCII: ".!...L..................................|"
FE 21 00 FF BE 4C 00 00 00 00 00 00 00 00 00 00 00 00 00 00 00 00 00 00 00 00 00 00 00 00 00 00 00 00 06 00 00 00 00 94 7C  [len=41]  ASCII: ".!...L..................................|"
FE 21 00 FF BE 4C 00 00 00 00 00 00 00 00 00 00 00 00 00 00 00 00 00 00 00 00 00 00 00 00 00 00 00 00 06 00 00 00 00 94 7C  [len=41]  ASCII: ".!...L..................................|"
FE 21 00 FF BE 4C 00 00 00 00 00 00 00 00 00 00 00 00 00 00 00 00 00 00 00 00 00 00 00 00 00 00 00 00 06 00 00 00 00 94 7C  [len=41]  ASCII: ".!...L..................................|"
FE 21 00 FF BE 4C 00 00 00 00 00 00 00 00 00 00 00 00 00 00 00 00 00 00 00 00 00 00 00 00 00 00 00 00 06 00 00 00 00 94 7C FE 09 00 FF BE 00 00 00 00 00 6A 00 00 00 03 4D AE  [len=58]  ASCII: ".!...L..................................|............"
FE 21 00 FF BE 4C 00 00 00 00 00 00 00 00 00 00 00 00 00 00 00 00 00 00 00 00 00 00 00 00 00 00 00 00 06 00 00 00 00 94 7C  [len=41]  ASCII: ".!...L..................................|"
FE 21 00 FF BE 4C 00 00 00 00 00 00 00 00 00 00 00 00 00 00 00 00 00 00 00 00 00 00 00 00 00 00 00 00 06 00 00 00 00 94 7C  [len=41]  ASCII: ".!...L..................................|"
FE 21 00 FF BE 4C 00 00 00 00 00 00 00 00 00 00 00 00 00 00 00 00 00 00 00 00 00 00 00 00 00 00 00 00 06 00 00 00 00 94 7C  [len=41]  ASCII: ".!...L..................................|"
FE 21 00 FF BE 4C 00 00 00 00 00 00 00 00 00 00 00 00 00 00 00 00 00 00 00 00 00 00 00 00 00 00 00 00 06 00 00 00 00 94 7C  [len=41]  ASCII: ".!...L..................................|"
FE 21 00 FF BE 4C 00 00 00 00 00 00 00 00 00 00 00 00 00 00 00 00 00 00 00 00 00 00 00 00 00 00 00 00 07 00 00 00 00 BF 78  [len=41]  ASCII: ".!...L..................................x"
FE 21 00 FF BE 4C 00 00 00 00 00 00 00 00 00 00 00 00 00 00 00 00 00 00 00 00 00 00 00 00 00 00 00 00 07 00 00 00 00 BF 78  [len=41]  ASCII: ".!...L..................................x"
FE 21 00 FF BE 4C 00 00 00 00 00 00 00 00 00 00 00 00 00 00 00 00 00 00 00 00 00 00 00 00 00 00 00 00 07 00 00 00 00 BF 78  [len=41]  ASCII: ".!...L..................................x"
FE 21 00 FF BE 4C 00 00 00 00 00 00 00 00 00 00 00 00 00 00 00 00 00 00 00 00 00 00 00 00 00 00 00 00 07 00 00 00 00 BF 78  [len=41]  ASCII: ".!...L..................................x"
FE 21 00 FF BE 4C 00 00 00 00 00 00 00 00 00 00 00 00 00 00 00 00 00 00 00 00 00 00 00 00 00 00 00 00 07 00 00 00 00 BF 78  [len=41]  ASCII: ".!...L..................................x"
FE 21 00 FF BE 4C 00 00 00 00 00 00 00 00 00 00 00 00 00 00 00 00 00 00 00 00 00 00 00 00 00 00 00 00 07 00 00 00 00 BF 78  [len=41]  ASCII: ".!...L..................................x"
FE 21 00 FF BE 4C 00 00 00 00 00 00 00 00 00 00 00 00 00 00 00 00 00 00 00 00 00 00 00 00 00 00 00 00 07 00 00 00 00 BF 78  [len=41]  ASCII: ".!...L..................................x"
FE 21 00 FF BE 4C 00 00 00 00 00 00 00 00 00 00 00 00 00 00 00 00 00 00 00 00 00 00 00 00 00 00 00 00 07 00 00 00 00 BF 78  [len=41]  ASCII: ".!...L..................................x"
FE 21 00 FF BE 4C 00 00 00 00 00 00 00 00 00 00 00 00 00 00 00 00 00 00 00 00 00 00 00 00 00 00 00 00 07 00 00 00 00 BF 78  [len=41]  ASCII: ".!...L..................................x"
FE 21 00 FF BE 4C 00 00 00 00 00 00 00 00 00 00 00 00 00 00 00 00 00 00 00 00 00 00 00 00 00 00 00 00 07 00 00 00 00 BF 78  [len=41]  ASCII: ".!...L..................................x"
FE 21 00 FF BE 4C 00 00 00 00 00 00 00 00 00 00 00 00 00 00 00 00 00 00 00 00 00 00 00 00 00 00 00 00 07 00 00 00 00 BF 78  [len=41]  ASCII: ".!...L..................................x"
FE 21 00 FF BE 4C 00 00 00 00 00 00 00 00 00 00 00 00 00 00 00 00 00 00 00 00 00 00 00 00 00 00 00 00 07 00 00 00 00 BF 78  [len=41]  ASCII: ".!...L..................................x"
FE 21 00 FF BE 4C 00 00 00 00 00 00 00 00 00 00 00 00 00 00 00 00 00 00 00 00 00 00 00 00 00 00 00 00 07 00 00 00 00 BF 78  [len=41]  ASCII: ".!...L..................................x"
FE 21 00 FF BE 4C 00 00 00 00 00 00 00 00 00 00 00 00 00 00 00 00 00 00 00 00 00 00 00 00 00 00 00 00 07 00 00 00 00 BF 78  [len=41]  ASCII: ".!...L..................................x"
FE 21 00 FF BE 4C 00 00 00 00 00 00 00 00 00 00 00 00 00 00 00 00 00 00 00 00 00 00 00 00 00 00 00 00 07 00 00 00 00 BF 78  [len=41]  ASCII: ".!...L..................................x"
FE 21 00 FF BE 4C 00 00 00 00 00 00 00 00 00 00 00 00 00 00 00 00 00 00 00 00 00 00 00 00 00 00 00 00 07 00 00 00 00 BF 78  [len=41]  ASCII: ".!...L..................................x"
FE 21 00 FF BE 4C 00 00 00 00 00 00 00 00 00 00 00 00 00 00 00 00 00 00 00 00 00 00 00 00 00 00 00 00 07 00 00 00 00 BF 78  [len=41]  ASCII: ".!...L..................................x"
FE 21 00 FF BE 4C 00 00 00 00 00 00 00 00 00 00 00 00 00 00 00 00 00 00 00 00 00 00 00 00 00 00 00 00 07 00 00 00 00 BF 78  [len=41]  ASCII: ".!...L..................................x"
FE 21 00 FF BE 4C 00 00 00 00 00 00 00 00 00 00 00 00 00 00 00 00 00 00 00 00 00 00 00 00 00 00 00 00 07 00 00 00 00 BF 78 FE 09 00 FF BE 00 00 00 00 00 6A 00 00 00 03 4D AE  [len=58]  ASCII: ".!...L..................................x............"
FE 21 00 FF BE 4C 00 00 00 00 00 00 00 00 00 00 00 00 00 00 00 00 00 00 00 00 00 00 00 00 00 00 00 00 07 00 00 00 00 BF 78  [len=41]  ASCII: ".!...L..................................x"
FE 21 00 FF BE 4C 00 00 00 00 00 00 00 00 00 00 00 00 00 00 00 00 00 00 00 00 00 00 00 00 00 00 00 00 07 00 00 00 00 BF 78  [len=41]  ASCII: ".!...L..................................x"
FE 21 00 FF BE 4C 00 00 00 00 00 00 00 00 00 00 00 00 00 00 00 00 00 00 00 00 00 00 00 00 00 00 00 00 07 00 00 00 00 BF 78  [len=41]  ASCII: ".!...L..................................x"
FE 21 00 FF BE 4C 00 00 00 00 00 00 00 00 00 00 00 00 00 00 00 00 00 00 00 00 00 00 00 00 00 00 00 00 07 00 00 00 00 BF 78  [len=41]  ASCII: ".!...L..................................x"
FE 21 00 FF BE 4C 00 00 00 00 00 00 00 00 00 00 00 00 00 00 00 00 00 00 00 00 00 00 00 00 00 00 00 00 08 00 00 00 00 36 45  [len=41]  ASCII: ".!...L.................................6E"
FE 21 00 FF BE 4C 00 00 00 00 00 00 00 00 00 00 00 00 00 00 00 00 00 00 00 00 00 00 00 00 00 00 00 00 08 00 00 00 00 36 45  [len=41]  ASCII: ".!...L.................................6E"
FE 09 00 FF BE 00 00 00 00 00 6A 00 00 00 03 4D AE  [len=17]  ASCII: "..........j....M."
FE 21 00 FF BE 4C 00 00 00 00 00 00 00 00 00 00 00 00 00 00 00 00 00 00 00 00 00 00 00 00 00 00 00 00 09 00 00 00 00 1D 41  [len=41]  ASCII: ".!...L..................................A"
FE 09 00 FF BE 00 00 00 00 00 6A 00 00 00 03 4D AE  [len=17]  ASCII: "..........j....M."
FE 21 00 FF BE 4C 00 00 00 00 00 00 00 00 00 00 00 00 00 00 00 00 00 00 00 00 00 00 00 00 00 00 00 00 0B 00 00 00 00 4B 49  [len=41]  ASCII: ".!...L.................................KI"
FE 21 00 FF BE 4C 00 00 00 00 00 00 00 00 00 00 00 00 00 00 00 00 00 00 00 00 00 00 00 00 00 00 00 00 0D 00 00 00 00 B1 51  [len=41]  ASCII: ".!...L..................................Q"
FE 09 00 FF BE 00 00 00 00 00 6A 00 00 00 03 4D AE  [len=17]  ASCII: "..........j....M."
FE 21 00 FF BE 4C 00 00 00 00 00 00 00 00 00 00 00 00 00 00 00 00 00 00 00 00 00 00 00 00 00 00 00 00 0D 00 00 00 00 B1 51  [len=41]  ASCII: ".!...L..................................Q"
FE 21 00 FF BE 4C 00 00 00 00 00 00 00 00 00 00 00 00 00 00 00 00 00 00 00 00 00 00 00 00 00 00 00 00 0D 00 00 00 00 B1 51  [len=41]  ASCII: ".!...L..................................Q"
FE 09 00 FF BE 00 00 00 00 00 6A 00 00 00 03 4D AE  [len=17]  ASCII: "..........j....M."
FE 09 00 FF BE 00 00 00 00 00 6A 00 00 00 03 4D AE  [len=17]  ASCII: "..........j....M."
FE 21 00 FF BE 4C 00 00 00 00 00 00 00 00 00 00 00 00 00 00 00 00 00 00 00 00 00 00 00 00 00 00 00 00 07 00 00 00 00 BF 78  [len=41]  ASCII: ".!...L..................................x"
FE 21 00 FF BE 4C 00 00 00 00 00 00 00 00 00 00 00 00 00 00 00 00 00 00 00 00 00 00 00 00 00 00 00 00 07 00 00 00 00 BF 78  [len=41]  ASCII: ".!...L..................................x"
FE 21 00 FF BE 4C 00 00 00 00 00 00 00 00 00 00 00 00 00 00 00 00 00 00 00 00 00 00 00 00 00 00 00 00 07 00 00 00 00 BF 78  [len=41]  ASCII: ".!...L..................................x"
FE 21 00 FF BE 4C 00 00 00 00 00 00 00 00 00 00 00 00 00 00 00 00 00 00 00 00 00 00 00 00 00 00 00 00 07 00 00 00 00 BF 78  [len=41]  ASCII: ".!...L..................................x"
FE 21 00 FF BE 4C 00 00 00 00 00 00 00 00 00 00 00 00 00 00 00 00 00 00 00 00 00 00 00 00 00 00 00 00 07 00 00 00 00 BF 78  [len=41]  ASCII: ".!...L..................................x"
FE 21 00 FF BE 4C 00 00 00 00 00 00 00 00 00 00 00 00 00 00 00 00 00 00 00 00 00 00 00 00 00 00 00 00 07 00 00 00 00 BF 78  [len=41]  ASCII: ".!...L..................................x"
FE 21 00 FF BE 4C 00 00 00 00 00 00 00 00 00 00 00 00 00 00 00 00 00 00 00 00 00 00 00 00 00 00 00 00 07 00 00 00 00 BF 78  [len=41]  ASCII: ".!...L..................................x"
FE 21 00 FF BE 4C 00 00 00 00 00 00 00 00 00 00 00 00 00 00 00 00 00 00 00 00 00 00 00 00 00 00 00 00 07 00 00 00 00 BF 78  [len=41]  ASCII: ".!...L..................................x"
FE 21 00 FF BE 4C 00 00 00 00 00 00 00 00 00 00 00 00 00 00 00 00 00 00 00 00 00 00 00 00 00 00 00 00 07 00 00 00 00 BF 78  [len=41]  ASCII: ".!...L..................................x"
FE 21 00 FF BE 4C 00 00 00 00 00 00 00 00 00 00 00 00 00 00 00 00 00 00 00 00 00 00 00 00 00 00 00 00 07 00 00 00 00 BF 78  [len=41]  ASCII: ".!...L..................................x"
FE 21 00 FF BE 4C 00 00 00 00 00 00 00 00 00 00 00 00 00 00 00 00 00 00 00 00 00 00 00 00 00 00 00 00 07 00 00 00 00 BF 78  [len=41]  ASCII: ".!...L..................................x"
FE 21 00 FF BE 4C 00 00 00 00 00 00 00 00 00 00 00 00 00 00 00 00 00 00 00 00 00 00 00 00 00 00 00 00 07 00 00 00 00 BF 78  [len=41]  ASCII: ".!...L..................................x"
FE 21 00 FF BE 4C 00 00 00 00 00 00 00 00 00 00 00 00 00 00 00 00 00 00 00 00 00 00 00 00 00 00 00 00 07 00 00 00 00 BF 78  [len=41]  ASCII: ".!...L..................................x"
FE 09 00 FF BE 00 00 00 00 00 6A 00 00 00 03 4D AE  [len=17]  ASCII: "..........j....M."
FE 21 00 FF BE 4C 00 00 00 00 00 00 00 00 00 00 00 00 00 00 00 00 00 00 00 00 00 00 00 00 00 00 00 00 06 00 00 00 00 94 7C  [len=41]  ASCII: ".!...L..................................|"
FE 21 00 FF BE 4C 00 00 00 00 00 00 00 00 00 00 00 00 00 00 00 00 00 00 00 00 00 00 00 00 00 00 00 00 06 00 00 00 00 94 7C  [len=41]  ASCII: ".!...L..................................|"
FE 21 00 FF BE 4C 00 00 00 00 00 00 00 00 00 00 00 00 00 00 00 00 00 00 00 00 00 00 00 00 00 00 00 00 06 00 00 00 00 94 7C  [len=41]  ASCII: ".!...L..................................|"
FE 21 00 FF BE 4C 00 00 00 00 00 00 00 00 00 00 00 00 00 00 00 00 00 00 00 00 00 00 00 00 00 00 00 00 06 00 00 00 00 94 7C  [len=41]  ASCII: ".!...L..................................|"
FE 21 00 FF BE 4C 00 00 00 00 00 00 00 00 00 00 00 00 00 00 00 00 00 00 00 00 00 00 00 00 00 00 00 00 06 00 00 00 00 94 7C  [len=41]  ASCII: ".!...L..................................|"
FE 21 00 FF BE 4C 00 00 00 00 00 00 00 00 00 00 00 00 00 00 00 00 00 00 00 00 00 00 00 00 00 00 00 00 06 00 00 00 00 94 7C  [len=41]  ASCII: ".!...L..................................|"
FE 21 00 FF BE 4C 00 00 00 00 00 00 00 00 00 00 00 00 00 00 00 00 00 00 00 00 00 00 00 00 00 00 00 00 06 00 00 00 00 94 7C  [len=41]  ASCII: ".!...L..................................|"
FE 21 00 FF BE 4C 00 00 00 00 00 00 00 00 00 00 00 00 00 00 00 00 00 00 00 00 00 00 00 00 00 00 00 00 06 00 00 00 00 94 7C  [len=41]  ASCII: ".!...L..................................|"
FE 21 00 FF BE 4C 00 00 00 00 00 00 00 00 00 00 00 00 00 00 00 00 00 00 00 00 00 00 00 00 00 00 00 00 06 00 00 00 00 94 7C  [len=41]  ASCII: ".!...L..................................|"
FE 21 00 FF BE 4C 00 00 00 00 00 00 00 00 00 00 00 00 00 00 00 00 00 00 00 00 00 00 00 00 00 00 00 00 06 00 00 00 00 94 7C  [len=41]  ASCII: ".!...L..................................|"
FE 21 00 FF BE 4C 00 00 00 00 00 00 00 00 00 00 00 00 00 00 00 00 00 00 00 00 00 00 00 00 00 00 00 00 06 00 00 00 00 94 7C  [len=41]  ASCII: ".!...L..................................|"
FE 21 00 FF BE 4C 00 00 00 00 00 00 00 00 00 00 00 00 00 00 00 00 00 00 00 00 00 00 00 00 00 00 00 00 06 00 00 00 00 94 7C  [len=41]  ASCII: ".!...L..................................|"
FE 21 00 FF BE 4C 00 00 00 00 00 00 00 00 00 00 00 00 00 00 00 00 00 00 00 00 00 00 00 00 00 00 00 00 06 00 00 00 00 94 7C  [len=41]  ASCII: ".!...L..................................|"
FE 21 00 FF BE 4C 00 00 00 00 00 00 00 00 00 00 00 00 00 00 00 00 00 00 00 00 00 00 00 00 00 00 00 00 06 00 00 00 00 94 7C  [len=41]  ASCII: ".!...L..................................|"
FE 21 00 FF BE 4C 00 00 00 00 00 00 00 00 00 00 00 00 00 00 00 00 00 00 00 00 00 00 00 00 00 00 00 00 06 00 00 00 00 94 7C  [len=41]  ASCII: ".!...L..................................|"
FE 21 00 FF BE 4C 00 00 00 00 00 00 00 00 00 00 00 00 00 00 00 00 00 00 00 00 00 00 00 00 00 00 00 00 06 00 00 00 00 94 7C  [len=41]  ASCII: ".!...L..................................|"
FE 21 00 FF BE 4C 00 00 00 00 00 00 00 00 00 00 00 00 00 00 00 00 00 00 00 00 00 00 00 00 00 00 00 00 06 00 00 00 00 94 7C  [len=41]  ASCII: ".!...L..................................|"
FE 21 00 FF BE 4C 00 00 00 00 00 00 00 00 00 00 00 00 00 00 00 00 00 00 00 00 00 00 00 00 00 00 00 00 06 00 00 00 00 94 7C  [len=41]  ASCII: ".!...L..................................|"
FE 21 00 FF BE 4C 00 00 00 00 00 00 00 00 00 00 00 00 00 00 00 00 00 00 00 00 00 00 00 00 00 00 00 00 06 00 00 00 00 94 7C  [len=41]  ASCII: ".!...L..................................|"
FE 21 00 FF BE 4C 00 00 00 00 00 00 00 00 00 00 00 00 00 00 00 00 00 00 00 00 00 00 00 00 00 00 00 00 06 00 00 00 00 94 7C  [len=41]  ASCII: ".!...L..................................|"
FE 09 00 FF BE 00 00 00 00 00 6A 00 00 00 03 4D AE  [len=17]  ASCII: "..........j....M."
