FE 25 00 FF BE 27 00 00 00 00 00 00 00 00 00 00 00 00 00 00 00 00 D2 1C 60 42 46 DE 14 42 00 00 00 00 00 00 00 00 6A 00 00 00 00 BA 51  [len=62]  ASCII: ".%...'..................`BF..B........j.....Q........"
FE 09 00 FF BE 00 00 00 00 00 6A 00 00 00 03 4D AE  [len=62]  ASCII: ".%...'..................`BF..B........j.....Q........"
FE 25 00 FF BE 27 00 00 00 00 00 00 00 00 00 00 00 00 00 00 00 00 29 1B 60 42 C9 E5 14 42 00 00 00 00 01 00 00 00 6A 00 00 00 00 BD 19  [len=45]  ASCII: ".%...'................).`B...B........j......"
FE 09 00 FF BE 00 00 00 00 00 6A 00 00 00 03 4D AE  [len=17]  ASCII: "..........j....M."
FE 09 00 FF BE 00 00 00 00 00 6A 00 00 00 03 4D AE  [len=17]  ASCII: "..........j....M."
FE 04 00 FF BE 2C 06 00 00 00 20 8A  [len=12]  ASCII: ".....,.... ."
FE 09 00 FF BE 00 00 00 00 00 6A 00 00 00 03 4D AE  [len=17]  ASCII: "..........j....M."
FE 25 00 FF BE 27 00 00 00 00 00 00 00 00 00 00 00 00 00 00 00 00 C7 1D 5F 42 FD 51 15 42 00 00 00 00 00 00 00 00 6A 00 00 00 00 92 8F FE 25 00 FF BE 27 00 00 00 00 00 00 00 00 00 00 00 00 00 00 00 00 C7 1D 5F 42 FD 51 15 42 00 00 00 00 00 00 00 00 6A 00 00 00 00 92 8F  [len=90]  ASCII: ".%...'.................._B.Q.B........j.......%......"
FE 25 00 FF BE 27 00 00 00 00 00 00 00 00 00 00 00 00 00 00 00 00 22 23 5F 42 A9 59 15 42 00 00 00 00 01 00 00 00 6A 00 00 00 00 6D D7  [len=45]  ASCII: ".%...'................"#_B.Y.B........j....m."
FE 25 00 FF BE 27 00 00 00 00 00 00 00 00 00 00 00 00 00 00 00 00 22 23 5F 42 A9 59 15 42 00 00 00 00 01 00 00 00 6A 00 00 00 00 6D D7  [len=45]  ASCII: ".%...'................"#_B.Y.B........j....m."
FE 25 00 FF BE 27 00 00 00 00 00 00 00 00 00 00 00 00 00 00 00 00 B9 20 5F 42 F8 61 15 42 00 00 00 00 02 00 00 00 6A 00 00 00 00 0B E0  [len=45]  ASCII: ".%...'................. _B.a.B........j......"
FE 25 00 FF BE 27 00 00 00 00 00 00 00 00 00 00 00 00 00 00 00 00 B9 20 5F 42 F8 61 15 42 00 00 00 00 02 00 00 00 6A 00 00 00 00 0B E0  [len=45]  ASCII: ".%...'................. _B.a.B........j......"
FE 25 00 FF BE 27 00 00 00 00 00 00 00 00 00 00 00 00 00 00 00 00 8A 17 5F 42 BF 61 15 42 00 00 00 00 03 00 00 00 6A 00 00 00 00 CC 77  [len=45]  ASCII: ".%...'.................._B.a.B........j.....w"
FE 25 00 FF BE 27 00 00 00 00 00 00 00 00 00 00 00 00 00 00 00 00 8A 17 5F 42 BF 61 15 42 00 00 00 00 03 00 00 00 6A 00 00 00 00 CC 77  [len=45]  ASCII: ".%...'.................._B.a.B........j.....w"
FE 25 00 FF BE 27 00 00 00 00 00 00 00 00 00 00 00 00 00 00 00 00 7A 0E 5F 42 21 5B 15 42 00 00 00 00 04 00 00 00 6A 00 00 00 00 DF 36  [len=45]  ASCII: ".%...'................z._B![.B........j.....6"
FE 25 00 FF BE 27 00 00 00 00 00 00 00 00 00 00 00 00 00 00 00 00 7A 0E 5F 42 21 5B 15 42 00 00 00 00 04 00 00 00 6A 00 00 00 00 DF 36  [len=45]  ASCII: ".%...'................z._B![.B........j.....6"
FE 25 00 FF BE 27 00 00 00 00 00 00 00 00 00 00 00 00 00 00 00 00 5C 0F 5F 42 04 4F 15 42 00 00 00 00 05 00 00 00 6A 00 00 00 00 16 EE  [len=45]  ASCII: ".%...'................\._B.O.B........j......"
FE 25 00 FF BE 27 00 00 00 00 00 00 00 00 00 00 00 00 00 00 00 00 5C 0F 5F 42 04 4F 15 42 00 00 00 00 05 00 00 00 6A 00 00 00 00 16 EE  [len=45]  ASCII: ".%...'................\._B.O.B........j......"
FE 21 00 FF BE 4C 00 00 00 00 00 00 00 00 00 00 00 00 00 00 00 00 00 00 00 00 00 00 00 00 00 00 00 00 0F 00 00 00 00 E7 59  [len=41]  ASCII: ".!...L..................................Y"
FE 09 00 FF BE 00 00 00 00 00 6A 00 00 00 03 4D AE  [len=17]  ASCII: "..........j....M."
FE 09 00 FF BE 00 00 00 00 00 6A 00 00 00 03 4D AE  [len=17]  ASCII: "..........j....M."
FE 09 00 FF BE 00 00 00 00 00 6A 00 00 00 03 4D AE  [len=17]  ASCII: "..........j....M."
FE 09 00 FF BE 00 00 00 00 00 6A 00 00 00 03 4D AE  [len=17]  ASCII: "..........j....M."
FE 09 00 FF BE 00 00 00 00 00 6A 00 00 00 03 4D AE  [len=17]  ASCII: "..........j....M."
FE 04 00 FF BE 2C 03 00 00 00 74 AC  [len=12]  ASCII: ".....,....t."
FE 25 00 FF BE 27 00 00 00 00 00 00 00 00 00 00 00 00 00 00 00 00 E6 17 60 42 18 CF 14 42 00 00 00 00 00 00 00 00 6A 00 00 00 00 E7 98  [len=45]  ASCII: ".%...'..................`B...B........j......"
FE 25 00 FF BE 27 00 00 00 00 00 00 00 00 00 00 00 00 00 00 00 00 FD 25 60 42 65 D8 14 42 00 00 00 00 01 00 00 00 6A 00 00 00 00 78 68  [len=45]  ASCII: ".%...'.................%`Be..B........j....xh"
FE 25 00 FF BE 27 00 00 00 00 00 00 00 00 00 00 00 00 00 00 00 00 94 22 60 42 54 DF 14 42 00 00 00 00 02 00 00 00 6A 00 00 00 00 81 47  [len=45]  ASCII: ".%...'................."`BT..B........j.....G"
FE 21 00 FF BE 4C 00 00 00 00 00 00 00 00 00 00 00 00 00 00 00 00 00 00 00 00 00 00 00 00 00 00 00 00 0F 00 00 00 00 E7 59  [len=41]  ASCII: ".!...L..................................Y"
FE 09 00 FF BE 00 00 00 00 00 6A 00 00 00 03 4D AE  [len=17]  ASCII: "..........j....M."
FE 21 00 FF BE 4C 00 00 00 00 00 00 00 00 00 00 00 00 00 00 00 00 00 00 00 00 00 00 00 00 00 00 00 00 0D 00 00 00 00 B1 51  [len=41]  ASCII: ".!...L..................................Q"
FE 09 00 FF BE 00 00 00 00 00 6A 00 00 00 03 4D AE  [len=17]  ASCII: "..........j....M."
FE 09 00 FF BE 00 00 00 00 00 6A 00 00 00 03 4D AE  [len=17]  ASCII: "..........j....M."
