FE 09 00 FF BE 00 00 00 00 00 6A 00 00 00 03 4D AE  [len=17]  ASCII: "..........j....M."
FE 09 00 FF BE 00 00 00 00 00 6A 00 00 00 03 4D AE  [len=17]  ASCII: "..........j....M."
FE 21 00 FF BE 4C 00 00 00 00 00 00 00 00 00 00 00 00 00 00 00 00 00 00 00 00 00 00 00 00 00 00 00 00 0D 00 00 00 00 B1 51  [len=41]  ASCII: ".!...L..................................Q"
FE 09 00 FF BE 00 00 00 00 00 6A 00 00 00 03 4D AE  [len=17]  ASCII: "..........j....M."
FE 21 00 FF BE 4C 00 00 00 00 00 00 00 00 00 00 00 00 00 00 00 00 00 00 00 00 00 00 00 00 00 00 00 00 0D 00 00 00 00 B1 51  [len=41]  ASCII: ".!...L..................................Q"
FE 21 00 FF BE 4C 00 00 00 00 00 00 00 00 00 00 00 00 00 00 00 00 00 00 00 00 00 00 00 00 00 00 00 00 0D 00 00 00 00 B1 51  [len=41]  ASCII: ".!...L..................................Q"
FE 09 00 FF BE 00 00 00 00 00 6A 00 00 00 03 4D AE  [len=17]  ASCII: "..........j....M."
FE 21 00 FF BE 4C 00 00 00 00 00 00 00 00 00 00 00 00 00 00 00 00 00 00 00 00 00 00 00 00 00 00 00 00 0D 00 00 00 00 B1 51  [len=41]  ASCII: ".!...L..................................Q"
FE 09 00 FF BE 00 00 00 00 00 6A 00 00 00 03 4D AE  [len=17]  ASCII: "..........j....M."
FE 21 00 FF BE 4C 00 00 00 00 00 00 00 00 00 00 00 00 00 00 00 00 00 00 00 00 00 00 00 00 00 00 00 00 0D 00 00 00 00 B1 51  [len=41]  ASCII: ".!...L..................................Q"
FE 09 00 FF BE 00 00 00 00 00 6A 00 00 00 03 4D AE  [len=17]  ASCII: "..........j....M."
FE 21 00 FF BE 4C 00 00 00 00 00 00 00 00 00 00 00 00 00 00 00 00 00 00 00 00 00 00 00 00 00 00 00 00 0D 00 00 00 00 B1 51  [len=41]  ASCII: ".!...L..................................Q"
FE 09 00 FF BE 00 00 00 00 00 6A 00 00 00 03 4D AE  [len=17]  ASCII: "..........j....M."
FE 21 00 FF BE 4C 00 00 00 00 00 00 00 00 00 00 00 00 00 00 00 00 00 00 00 00 00 00 00 00 00 00 00 00 0D 00 00 00 00 B1 51  [len=41]  ASCII: ".!...L..................................Q"
FE 21 00 FF BE 4C 00 00 00 00 00 00 00 00 00 00 00 00 00 00 00 00 00 00 00 00 00 00 00 00 00 00 00 00 0D 00 00 00 00 B1 51  [len=41]  ASCII: ".!...L..................................Q"
FE 09 00 FF BE 00 00 00 00 00 6A 00 00 00 03 4D AE  [len=17]  ASCII: "..........j....M."
FE 21 00 FF BE 4C 00 00 00 00 00 00 00 00 00 00 00 00 00 00 00 00 00 00 00 00 00 00 00 00 00 00 00 00 0D 00 00 00 00 B1 51  [len=41]  ASCII: ".!...L..................................Q"
FE 21 00 FF BE 4C 00 00 00 00 00 00 00 00 00 00 00 00 00 00 00 00 00 00 00 00 00 00 00 00 00 00 00 00 0D 00 00 00 00 B1 51  [len=41]  ASCII: ".!...L..................................Q"
FE 21 00 FF BE 4C 00 00 00 00 00 00 00 00 00 00 00 00 00 00 00 00 00 00 00 00 00 00 00 00 00 00 00 00 0D 00 00 00 00 B1 51  [len=41]  ASCII: ".!...L..................................Q"
FE 21 00 FF BE 4C 00 00 00 00 00 00 00 00 00 00 00 00 00 00 00 00 00 00 00 00 00 00 00 00 00 00 00 00 0D 00 00 00 00 B1 51  [len=41]  ASCII: ".!...L..................................Q"
FE 21 00 FF BE 4C 00 00 00 00 00 00 00 00 00 00 00 00 00 00 00 00 00 00 00 00 00 00 00 00 00 00 00 00 0D 00 00 00 00 B1 51  [len=41]  ASCII: ".!...L..................................Q"
FE 21 00 FF BE 4C 00 00 00 00 00 00 00 00 00 00 00 00 00 00 00 00 00 00 00 00 00 00 00 00 00 00 00 00 0D 00 00 00 00 B1 51  [len=41]  ASCII: ".!...L..................................Q"
FE 21 00 FF BE 4C 00 00 00 00 00 00 00 00 00 00 00 00 00 00 00 00 00 00 00 00 00 00 00 00 00 00 00 00 0D 00 00 00 00 B1 51  [len=41]  ASCII: ".!...L..................................Q"
FE 09 00 FF BE 00 00 00 00 00 6A 00 00 00 03 4D AE  [len=17]  ASCII: "..........j....M."
FE 21 00 FF BE 4C 00 00 00 00 00 00 00 00 00 00 00 00 00 00 00 00 00 00 00 00 00 00 00 00 00 00 00 00 0D 00 00 00 00 B1 51  [len=41]  ASCII: ".!...L..................................Q"
FE 09 00 FF BE 00 00 00 00 00 6A 00 00 00 03 4D AE  [len=17]  ASCII: "..........j....M."
FE 21 00 FF BE 4C 00 00 00 00 00 00 00 00 00 00 00 00 00 00 00 00 00 00 00 00 00 00 00 00 00 00 00 00 0C 00 00 00 00 9A 55  [len=41]  ASCII: ".!...L..................................U" anchor
FE 21 00 FF BE 4C 00 00 00 00 00 00 00 00 00 00 00 00 00 00 00 00 00 00 00 00 00 00 00 00 00 00 00 00 0D 00 00 00 00 B1 51  [len=41]  ASCII: ".!...L..................................Q" stop
FE 21 00 FF BE 4C 00 00 00 00 00 00 00 00 00 00 00 00 00 00 00 00 00 00 00 00 00 00 00 00 00 00 00 00 0E 00 00 00 00 CC 5D  [len=41]  ASCII: ".!...L..................................]" heading
FE 09 00 FF BE 00 00 00 00 00 6A 00 00 00 03 4D AE  [len=17]  ASCII: "..........j....M."
FE 21 00 FF BE 4C 00 00 00 00 00 00 00 00 00 00 00 00 00 00 00 00 00 00 00 00 00 00 00 00 00 00 00 00 0D 00 00 00 00 B1 51  [len=41]  ASCII: ".!...L..................................Q" stop