FE 09 00 FF BE 00 00 00 00 00 6A 00 00 00 03 4D AE  [len=17]  ASCII: "..........j....M."
FE 09 00 FF BE 00 00 00 00 00 6A 00 00 00 03 4D AE  [len=17]  ASCII: "..........j....M."
FE 21 00 FF BE 4C 00 00 00 00 00 00 00 00 00 00 00 00 00 00 00 00 00 00 00 00 00 00 00 00 00 00 00 00 0A 00 00 00 00 60 4D  [len=41]  ASCII: ".!...L.................................`M"
FE 09 00 FF BE 00 00 00 00 00 6A 00 00 00 03 4D AE  [len=17]  ASCII: "..........j....M."
FE 21 00 FF BE 4C 00 00 00 00 00 00 00 00 00 00 00 00 00 00 00 00 00 00 00 00 00 00 00 00 00 00 00 00 08 00 00 00 00 36 45  [len=41]  ASCII: ".!...L.................................6E"
FE 09 00 FF BE 00 00 00 00 00 6A 00 00 00 03 4D AE  [len=17]  ASCII: "..........j....M."
FE 21 00 FF BE 4C 00 00 00 00 00 00 00 00 00 00 00 00 00 00 00 00 00 00 00 00 00 00 00 00 00 00 00 00 08 00 00 00 00 36 45  [len=41]  ASCII: ".!...L.................................6E"
FE 09 00 FF BE 00 00 00 00 00 6A 00 00 00 03 4D AE  [len=17]  ASCII: "..........j....M."
FE 21 00 FF BE 4C 00 00 00 00 00 00 00 00 00 00 00 00 00 00 00 00 00 00 00 00 00 00 00 00 00 00 00 00 08 00 00 00 00 36 45  [len=41]  ASCII: ".!...L.................................6E"
FE 09 00 FF BE 00 00 00 00 00 6A 00 00 00 03 4D AE  [len=17]  ASCII: "..........j....M."
FE 21 00 FF BE 4C 00 00 00 00 00 00 00 00 00 00 00 00 00 00 00 00 00 00 00 00 00 00 00 00 00 00 00 00 08 00 00 00 00 36 45  [len=41]  ASCII: ".!...L.................................6E"
FE 09 00 FF BE 00 00 00 00 00 6A 00 00 00 03 4D AE  [len=17]  ASCII: "..........j....M."
FE 21 00 FF BE 4C 00 00 00 00 00 00 00 00 00 00 00 00 00 00 00 00 00 00 00 00 00 00 00 00 00 00 00 00 08 00 00 00 00 36 45  [len=41]  ASCII: ".!...L.................................6E"
FE 09 00 FF BE 00 00 00 00 00 6A 00 00 00 03 4D AE  [len=17]  ASCII: "..........j....M."
FE 21 00 FF BE 4C 00 00 00 00 00 00 00 00 00 00 00 00 00 00 00 00 00 00 00 00 00 00 00 00 00 00 00 00 08 00 00 00 00 36 45  [len=41]  ASCII: ".!...L.................................6E"
FE 09 00 FF BE 00 00 00 00 00 6A 00 00 00 03 4D AE  [len=17]  ASCII: "..........j....M."
FE 21 00 FF BE 4C 00 00 00 00 00 00 00 00 00 00 00 00 00 00 00 00 00 00 00 00 00 00 00 00 00 00 00 00 08 00 00 00 00 36 45  [len=41]  ASCII: ".!...L.................................6E"
FE 09 00 FF BE 00 00 00 00 00 6A 00 00 00 03 4D AE  [len=17]  ASCII: "..........j....M."
FE 21 00 FF BE 4C 00 00 00 00 00 00 00 00 00 00 00 00 00 00 00 00 00 00 00 00 00 00 00 00 00 00 00 00 08 00 00 00 00 36 45  [len=41]  ASCII: ".!...L.................................6E"
FE 09 00 FF BE 00 00 00 00 00 6A 00 00 00 03 4D AE  [len=17]  ASCII: "..........j....M."
FE 21 00 FF BE 4C 00 00 00 00 00 00 00 00 00 00 00 00 00 00 00 00 00 00 00 00 00 00 00 00 00 00 00 00 08 00 00 00 00 36 45  [len=41]  ASCII: ".!...L.................................6E"
FE 21 00 FF BE 4C 00 00 00 00 00 00 00 00 00 00 00 00 00 00 00 00 00 00 00 00 00 00 00 00 00 00 00 00 08 00 00 00 00 36 45  [len=41]  ASCII: ".!...L.................................6E"
FE 09 00 FF BE 00 00 00 00 00 6A 00 00 00 03 4D AE  [len=17]  ASCII: "..........j....M."
FE 09 00 FF BE 00 00 00 00 00 6A 00 00 00 03 4D AE  [len=17]  ASCII: "..........j....M."
FE 21 00 FF BE 4C 00 00 00 00 00 00 00 00 00 00 00 00 00 00 00 00 00 00 00 00 00 00 00 00 00 00 00 00 0B 00 00 00 00 4B 49  [len=41]  ASCII: ".!...L.................................KI"
FE 09 00 FF BE 00 00 00 00 00 6A 00 00 00 03 4D AE  [len=17]  ASCII: "..........j....M."
FE 09 00 FF BE 00 00 00 00 00 6A 00 00 00 03 4D AE  [len=17]  ASCII: "..........j....M."
FE 21 00 FF BE 4C 00 00 00 00 00 00 00 00 00 00 00 00 00 00 00 00 00 00 00 00 00 00 00 00 00 00 00 00 0A 00 00 00 00 60 4D  [len=41]  ASCII: ".!...L.................................`M"
FE 09 00 FF BE 00 00 00 00 00 6A 00 00 00 03 4D AE  [len=17]  ASCII: "..........j....M."
FE 21 00 FF BE 4C 00 00 00 00 00 00 00 00 00 00 00 00 00 00 00 00 00 00 00 00 00 00 00 00 00 00 00 00 09 00 00 00 00 1D 41  [len=41]  ASCII: ".!...L..................................A"
FE 09 00 FF BE 00 00 00 00 00 6A 00 00 00 03 4D AE  [len=17]  ASCII: "..........j....M."
FE 21 00 FF BE 4C 00 00 00 00 00 00 00 00 00 00 00 00 00 00 00 00 00 00 00 00 00 00 00 00 00 00 00 00 09 00 00 00 00 1D 41  [len=41]  ASCII: ".!...L..................................A"
FE 21 00 FF BE 4C 00 00 00 00 00 00 00 00 00 00 00 00 00 00 00 00 00 00 00 00 00 00 00 00 00 00 00 00 09 00 00 00 00 1D 41  [len=41]  ASCII: ".!...L..................................A"
FE 09 00 FF BE 00 00 00 00 00 6A 00 00 00 03 4D AE  [len=17]  ASCII: "..........j....M."
FE 21 00 FF BE 4C 00 00 00 00 00 00 00 00 00 00 00 00 00 00 00 00 00 00 00 00 00 00 00 00 00 00 00 00 09 00 00 00 00 1D 41  [len=41]  ASCII: ".!...L..................................A"
FE 21 00 FF BE 4C 00 00 00 00 00 00 00 00 00 00 00 00 00 00 00 00 00 00 00 00 00 00 00 00 00 00 00 00 09 00 00 00 00 1D 41  [len=41]  ASCII: ".!...L..................................A"
FE 09 00 FF BE 00 00 00 00 00 6A 00 00 00 03 4D AE  [len=17]  ASCII: "..........j....M."
FE 21 00 FF BE 4C 00 00 00 00 00 00 00 00 00 00 00 00 00 00 00 00 00 00 00 00 00 00 00 00 00 00 00 00 0B 00 00 00 00 4B 49  [len=41]  ASCII: ".!...L.................................KI"
FE 09 00 FF BE 00 00 00 00 00 6A 00 00 00 03 4D AE  [len=17]  ASCII: "..........j....M."
FE 09 00 FF BE 00 00 00 00 00 6A 00 00 00 03 4D AE  [len=17]  ASCII: "..........j....M."
FE 21 00 FF BE 4C 00 00 00 00 00 00 00 00 00 00 00 00 00 00 00 00 00 00 00 00 00 00 00 00 00 00 00 00 0A 00 00 00 00 60 4D  [len=41]  ASCII: ".!...L.................................`M"
FE 21 00 FF BE 4C 00 00 00 00 00 00 00 00 00 00 00 00 00 00 00 00 00 00 00 00 00 00 00 00 00 00 00 00 09 00 00 00 00 1D 41 FE 09 00 FF BE 00 00 00 00 00 6A 00 00 00 03 4D AE  [len=58]  ASCII: ".!...L..................................A............"
FE 21 00 FF BE 4C 00 00 00 00 00 00 00 00 00 00 00 00 00 00 00 00 00 00 00 00 00 00 00 00 00 00 00 00 09 00 00 00 00 1D 41  [len=41]  ASCII: ".!...L..................................A"
FE 21 00 FF BE 4C 00 00 00 00 00 00 00 00 00 00 00 00 00 00 00 00 00 00 00 00 00 00 00 00 00 00 00 00 09 00 00 00 00 1D 41  [len=41]  ASCII: ".!...L..................................A"
FE 09 00 FF BE 00 00 00 00 00 6A 00 00 00 03 4D AE  [len=17]  ASCII: "..........j....M."
FE 21 00 FF BE 4C 00 00 00 00 00 00 00 00 00 00 00 00 00 00 00 00 00 00 00 00 00 00 00 00 00 00 00 00 09 00 00 00 00 1D 41  [len=41]  ASCII: ".!...L..................................A"
FE 09 00 FF BE 00 00 00 00 00 6A 00 00 00 03 4D AE  [len=17]  ASCII: "..........j....M."
FE 21 00 FF BE 4C 00 00 00 00 00 00 00 00 00 00 00 00 00 00 00 00 00 00 00 00 00 00 00 00 00 00 00 00 09 00 00 00 00 1D 41  [len=41]  ASCII: ".!...L..................................A"
FE 09 00 FF BE 00 00 00 00 00 6A 00 00 00 03 4D AE  [len=17]  ASCII: "..........j....M."
FE 09 00 FF BE 00 00 00 00 00 6A 00 00 00 03 4D AE  [len=17]  ASCII: "..........j....M."
FE 21 00 FF BE 4C 00 00 00 00 00 00 00 00 00 00 00 00 00 00 00 00 00 00 00 00 00 00 00 00 00 00 00 00 0A 00 00 00 00 60 4D  [len=41]  ASCII: ".!...L.................................`M"
FE 09 00 FF BE 00 00 00 00 00 6A 00 00 00 03 4D AE  [len=17]  ASCII: "..........j....M."
